KeyPCGI_One@RadiantGI.fx=46,0,0,0
Techniques=LumaSharpen@LumaSharpen.fx,Clarity@Clarity.fx,ContrastAdaptiveSharpen@CAS.fx,ContrastSharpen@ContrastSharpening.fx,FilmicPass@FilmicPass.fx,prod80_03_FilmicTonemap@PD80_03_Filmic_Adaptation.fx

[CAS.fx]
Contrast=0.000000
Sharpening=1.000000

[Clarity.fx]
ClarityBlendIfDark=50
ClarityBlendIfLight=205
ClarityBlendMode=2
ClarityDarkIntensity=0.400000
ClarityLightIntensity=0.000000
ClarityOffset=2.000000
ClarityRadius=3
ClarityStrength=0.400000
ClarityViewBlendIfMask=0
ClarityViewMask=0

[ContrastSharpening.fx]
BlendingMode=0
ContrastAmount=0.160000
DitheringEnabled=1
SharpenAmount=1.000000
SharpenRadius=16

[FilmicPass.fx]
BaseCurve=1.500000
BaseGamma=1.000000
Bleach=0.000000
BlueCurve=1.000000
Contrast=1.067003
EffectGamma=2.000000
EffectGammaB=1.000000
EffectGammaG=1.000000
EffectGammaR=1.000000
Fade=0.400000
GreenCurve=1.000000
Linearization=0.500000
LumCoeff=0.212656,0.715158,0.072186
RedCurve=1.000000
Saturation=-0.238000
Strength=0.800000

[LumaSharpen.fx]
offset_bias=0.514000
pattern=3
sharp_clamp=0.034000
sharp_strength=2.665000
show_sharpen=0

[PD80_03_Filmic_Adaptation.fx]
adj_linear=1.000000
adj_shoulder=1.000000
adj_toe=1.000000

[RadiantGI.fx]
Blend=0
Debug=0
Deep_Scattering=0.100000
Depth_Map=0
Depth_Map_Adjust=7.500000
Depth_Map_Flip=0
Diffusion_Saturation_Power=0.250000,0.500000
D_Irradiance=0.000000
GI_Power=1.000000
GI_Ray_Length=250.000000
GI_Res=0.700000
GI_Saturation=1.000000
GI_Sky_Saturation=1.000000
HDR_BP=0.500000
IGN_Toggle=1
Internals=0.540000,0.010000,0.010000
Luma_Map=0.500000
NCD=0.125000,0.000000
Offset=0.000000
PCGI_2DTexture_Detail=0.000000,1.000000
PCGI_Fade=1.000000
PP_Options=0
RadiantGI=0
Reflectivness=1.000000,0.500000
samples=6.000000
SamplesXY=6
Scattering=0
Sky_Adustment=3
Sky_Emissive_Selection=0
SSS_Seek=0.250000
Target_Lighting=0.050000
Trim=0.000000
Wrap=0.500000

