Techniques=LumaSharpen@LumaSharpen.fx,Clarity@Clarity.fx,prod80_03_FilmicTonemap@PD80_03_Filmic_Adaptation.fx,prod80_04_ContrastBrightnessSaturation@PD80_04_Contrast_Brightness_Saturation.fx,prod80_02_Cinetools_LUT@PD80_02_Cinetools_LUT.fx

[Clarity.fx]
ClarityBlendIfDark=50
ClarityBlendIfLight=205
ClarityBlendMode=2
ClarityDarkIntensity=0.400000
ClarityLightIntensity=0.000000
ClarityOffset=2.000000
ClarityRadius=3
ClarityStrength=0.400000
ClarityViewBlendIfMask=0
ClarityViewMask=0

[LumaSharpen.fx]
offset_bias=0.514000
pattern=3
sharp_clamp=0.034000
sharp_strength=2.665000
show_sharpen=0

[PD80_02_Cinetools_LUT.fx]
dither_strength=1.000000
enable_dither=1
ib=0.000000,0.000000,0.000000
ig=1.000000
iw=1.000000,1.000000,1.000000
ob=0.000000,0.000000,0.000000
ow=1.000000,1.000000,1.000000
PD80_Intensity=1.000000
PD80_LutSelector=7
PD80_MixChroma=1.000000
PD80_MixLuma=1.000000

[PD80_03_Filmic_Adaptation.fx]
adj_linear=4.495000
adj_shoulder=1.450000
adj_toe=3.318000

[PD80_04_Contrast_Brightness_Saturation.fx]
brightness=0.000000
brightnessD=0.000000
contrast=0.000000
contrastD=0.000000
depthCurve=1.000000
depthEnd=0.100000
depthStart=0.000000
display_depth=0
dither_strength=1.000000
enable_depth=0
enable_dither=1
exposureD=0.000000
exposureN=0.000000
huemid=0.000000
huerange=0.167000
saturation=0.500000
saturationD=0.000000
sat_a=0.000000
sat_b=0.000000
sat_custom=0.000000
sat_g=0.000000
sat_m=0.000000
sat_p=0.000000
sat_r=0.000000
sat_y=0.000000
tint=0.000000
vibrance=-0.500000
vibranceD=0.000000
